2
3
4
5
6
8
9
10
11
13
17
18
19
20
22
25
29
36
37
38
39
40
41
46
48
49
51
57
58
60
62
63
64
65
68
70
71
73
76
78
79
80
81
83
85
87
89
90
92
93
94
95
96
97
98
100
101
104
109
111
113
114
117
119
121
123
125
126
130
144
148
152
159
160
161
162
165
166
167
171
177
178
179
180
184
185
187
188
189
192
193
196
197
198
199
200
202
203
204
205
218
220
221
226
227
228
229
230
246
250
251
254
255
256
257
258
259
260
262
263
264
265
266
267
268
274
275
277
279
280
282
283
285
286
287
288
289
292
294
295
296
297
298
300
301
305
306
309
312
315
317
320
321
325
327
328
333
335
336
337
338
339
341
344
345
346
352
355
357
358
359
360
363
364
367
368
370
371
372
377
378
379
380
382
385
387
401
405
409
410
413
419
421
422
430
433
460
464
465
466
467
468
471
475
476
479
480
483
484
486
488
489
499
504
515
516
518
520
521
522
530
532
533
535
536
537
539
540
541
542
543
544
545
547
552
554
555
559
560
561
562
563
564
567
572
591
593
594
595
596
600
601
602
611
614
615
619
620
621
622
631
634
641
649
653
654
657
658
660
661
662
663
664
667
668
670
677
681
688
692
693
694
695
696
697
698
699
700
701
702
703
704
705
706
707
708
709
711
712
713
714
715
718
728
730
741
744
745
746
748
750
752
753
755
756
757
758
759
768
769
771
773
774
777
784
793
795
796
798
800
802
803
804
806
809
810
811
814
819
823
828
829
830
831
832
836
837
838
841
842
844
847
848
849
861
864
867
869
871
872
875
877
892
893
894
895
897
899
904
911
916
918
924
925
928
929
932
943
945
946
949
950
951
952
959
960
962
964
965
966
971
978
980
986
987
989
990
995
1005
1010
1011
1012
1013
1025
1027
1031
1032
1033
1035
1038
1042
1043
1048
1050
1051
1053
1057
1062
1065
1068
1077
1081
1095
1098
1104
1106
1111
1112
1116
1118
1119
1120
1122
1126
1129
1133
1139
1157
1160
1163
1168
1170
1178
1207
1216
1217
1221
1228
1229
1235
1236
1237
1239
1247
1248
1253
1254
1267
1284
1286
1287
1304
1305
1313
1320
1324
1327
1331
1332
1334
1339
1345
1346
1347
1349
1351
1352
1356
1360
1367
1368
1380
1385
1396
1398
1400
1405
1408
1413
1442
1447
1449
1451
1452
1453
1465
1467
1486
1498
1511
1514
1517
1518
1524
1526
1537
1541
1542
1548
1552
1554
1555
1559
1561
1563
1564
1566
1568
1569
1570
1571
1572
1573
1574
1575
1576
1577
1578
1579
1580
1582
1583
1584
1585
1586
1588
1590
1603
1610
1621
1624
1625
1626
1628
1630
1632
1634
1635
1640
1642
1646
1652
1653
1672
1673
1674
1675
1676
1677
1678
1680
1688
1693
1694
1695
1697
1700
1701
1705
1710
1713
1714
1722
1724
1725
1726
1727
1729
1732
1734
1739
1742
1752
1759
1766
1779
1780
1785
1787
1799
1806
1811
1830
1837
1841
1842
1848
1850
1856
1866
1870
1878
1887
1889
1903
1911
1920
1921
1934
1935
1937
1954
1955
1956
1959
1966
1967
1999
2002
2005
2014
2016
2017
2041
2050
2066
2067
2069
2074
2076
2084
2087
2088
2091
2092
2099
2110
2115
2167
2168
2169
2170
2185
2192
2194
2231
2235
2236
2245
2269
2272
2273
2278
2282
2283
2322
2344
2349
2361
2368
2370
2371
2385
2389
2390
2394
2395
2398
2399
2440
2442
2444
2458
2461
2469
2478
2502
2509
2510
2535
2555
2558
2561
2566
2581
2583
2587
2600
2611
2632
2651
2657
2660
2673
2679
2699
2739
2740
2742
2754
2798
2800
2801
2802
2805
2814
2815
2816
2831
2832
2833
2842
2857
2864
2865
2867
2868
2869
2870
2871
2872
2877
2895
2899
2900
2903
2905
2906
2917
2951
2971
2997
3052
3070
3071
3093
3097
3100
3101
3129
3132
3136
3141
3148
3168
3183
3189
3231
3236
3237
3238
3259
3311
3312
3313
3314
3315
3316
3317
3323
3333
3334
3343
3390
3407
3417
3429
3430
3438
3439
3476
3498
3524
3557
3584
3618
3620
3622
3636
3680
3689
3694
3697
3702
3713
3716
3729
3737
3749
3751
3819
3838
3847
3848
3855
3906
3952
3953
3955
4006
4008
4011
4027
4028
4031
4080
4088
4090
4092
4099
4101
4104
4142
4173
4279
4305
4341
4385
4447
4506
4531
4533
4550
4568
4603
4630
4662
4667
4682
4704
4740
4763
4767
4771
4784
4817
4822
4851
4859
4861
4863
4865
4866
4867
4870
4871
4899
4914
4943
4944
4957
4963
5069
5085
5132
5165
5240
5247
5267
5312
5350
5372
5394
5411
5412
5494
5547
5569
5639
5701
5716
5752
5753
5833
5834
5835
5848
5852
5855
5943
5947
5949
5975
6003
6013
6016
6214
6304
6427
6585
6770
6838
6854
6855
6856
6857
6858
6859
6860
6861
7067
7263
7414
7415
7427
7591
7595
7652
7659
7805
7913
8332
8394
8745
8746
8747
8748
8825
9033
9945
9979
10403
10632
15440
